CDS	NC1	NegControl	UTR	MeanDecreaseAccuracy	MeanDecreaseGini
sci.lo	0.000758224765213094	0.00151467815765277	0.000287133338040294	-4.56286208066757e-05	0.00062721005095592	15.8206206288731
randfold.lo	0.0012074957056647	0.00305021922735016	0.000172514672416137	0.00226816184075575	0.00167179182182291	33.5315022310431
sci.dn	-0.000428653262427885	0.00736766967475331	0.000866051370518752	0.000259803720134815	0.00201751170408565	38.6323177356816
sci.up	0.000775906587450985	0.00805069095107785	0.000694538128791004	4.52037764917289e-05	0.00238994524706526	39.3502991987404
randfold.up	0.000386067734366369	0.00876484429009533	0.000487053729462037	0.00113127043886297	0.00269444006996397	37.522047329254
randfold.dn	0.00024233966358726	0.0082198967865063	0.000577125971850167	0.00226771329852623	0.00281971511290993	42.0535313098857
ctcf.dn	0.00187493071192701	0.00846222831354345	0.00106847328875677	9.73401603737975e-05	0.00287738980485347	40.1635880985683
ctcf.up	0.00189252864136364	0.0111948638600745	0.00112390867083546	0.000895815212586513	0.00377673648630051	41.0213912775619
ctcf.lo	0.00156841285895068	0.00849150488132	0.00205680494061145	0.00405211079386279	0.00404601098510895	43.7386282060694
h3k9ac.dn	0.00796043785960299	0.0122796862749671	0.00357995788747143	0.0150632348828093	0.00973741971372823	48.463808807981
h3k9me3.up	0.0118111650117086	0.0194956781384146	0.00222287587241785	0.00583129588939111	0.00985692498372286	53.4049556753742
h3k4me1.dn	0.00875029137954668	0.01559935383171	0.00325796205460569	0.0123450093567363	0.00997765201564062	46.1949913067488
h3k9me3.dn	0.0089333453753129	0.0218822042483741	0.00218225804012325	0.0101864812733645	0.0107975153764233	61.0277130796174
blastn.dn	0.00735703177493243	0.0258421649182679	0.00401418302192041	0.00733318496702696	0.0111369523918437	70.1618623915319
h3k4me1.up	0.0150133760809652	0.0134908186611308	0.00721077263762086	0.00881009110340893	0.0111476783163997	45.0831309744441
h3k27me3.up	0.0114962178307964	0.0187705836170781	0.00643084548679017	0.00806987285492806	0.0111843627973113	55.7126456320842
h3k27ac.dn	0.0110858042560051	0.0155468437267624	0.00494734382771664	0.0139019030593339	0.0114004094094406	48.9133964150354
blastn.up	0.0037407652542255	0.025942328132723	0.0050189177701509	0.0117819671436587	0.0116056734338033	71.7276901619478
h3k79me2.lo	0.01158652511388	0.0192287501060728	0.00379999456008109	0.012179582512519	0.0116935203075123	51.5357288546566
pol2.dn	0.0123577722263898	0.0203587165115402	0.00447294620477334	0.0113959065189435	0.0121368501978756	61.2849075787616
h3k4me2.lo	0.0127401405763049	0.0170348811331469	0.00687271134573802	0.0119906721013071	0.0121752843981727	53.0622291135033
h3k79me2.up	0.00797250102410814	0.020592553117335	0.0132174648062651	0.00737190561041967	0.0122938595921003	61.2726165840913
h3k79me2.dn	0.011257460284594	0.0233114903734816	0.0123084757165588	0.00788772613064076	0.0136805147674898	63.1411899201374
pol2.up	0.0127771140978292	0.0216742900110738	0.00858145312458281	0.0122372233215532	0.0138178419258427	61.1419994918533
h3k4me2.dn	0.00965870150457092	0.0207499124283763	0.00812952183322137	0.0170984676356018	0.0138908913979221	57.6684264515665
h3k27me3.dn	0.0170540299656717	0.0258273749738332	0.00471008167412901	0.0109160390433366	0.0146157746771155	64.2109193149814
h3k4me2.up	0.00951443514912493	0.0242029025729765	0.0122559468153219	0.0128138026470257	0.0146932101647354	68.0846988977421
h3k27ac.up	0.0199840584309743	0.0176800070930506	0.0122192216600417	0.00886781918420011	0.0147032457286879	54.834496885541
h3k9ac.up	0.0246318527054456	0.0174699999694542	0.0118532152587103	0.00806393438766758	0.0155318916072849	50.5074254655216
h3k4me3.up	0.0143461316533887	0.0182543846621166	0.0177167382451535	0.012620438733075	0.015746370114648	55.5638549211639
rnacode.up	0.0134331324483146	0.0229215144744617	0.0226661343516796	0.00666822078598466	0.0164339379113172	63.1406490311125
pol2.lo	0.0217581080603862	0.0175773740777308	0.0182705436390051	0.00975523551304025	0.0168291105723708	69.7670899407104
h3k4me3.lo	0.0340765737859138	0.0165714377832273	0.0129769350468245	0.0104199148370023	0.0184813225196491	60.6148727794367
h3k4me3.dn	0.0122729559060351	0.0165972412721326	0.0261306265133894	0.0202755401677381	0.018815429445347	58.0856950060787
rnacode.dn	0.0344120142573583	0.0281562371234768	0.0145958060399198	0.00993086742684578	0.0217870161899523	93.300053579504
h4k20me1.lo	0.0236668293272375	0.0316752759090312	0.0174501429527791	0.0191137802389535	0.0229826950601125	92.5497635874241
h4k20me1.up	0.00736190415679509	0.0240852328595239	0.0573473509546824	0.00668137380070612	0.0238973150507964	72.2397361962027
gc.up	0.016619675482784	0.0302152692626111	0.0463446668664734	0.00648844019481606	0.0249192605889576	74.1156143283547
h3k36me3.up	0.0262335309544728	0.0222223343041852	0.0445125296529822	0.0106455870405803	0.0259143880298114	65.8666065579805
h3k4me1.lo	0.0710021328447974	0.0200300183927823	0.00409203926052653	0.0160029685252538	0.0277581392764546	92.7279742826287
h3k36me3.dn	0.0473359075435942	0.0245926795165032	0.0304345602503658	0.0179297457663956	0.0300500816238509	77.6134883617488
h3k9ac.lo	0.0782219854918802	0.0204723216295043	0.00965671170021368	0.0131963855302227	0.03034754444944	89.6318594013586
h3k27ac.lo	0.088863173387409	0.0200095475515612	0.00813295532604891	0.0184889381618652	0.0338714921008948	96.8038466222149
h4k20me1.dn	0.0128133896193019	0.0328224247806958	0.0808990691009245	0.0166084212811613	0.0358265060076012	89.8894494216049
gc.dn	0.0508973085336651	0.0434004819313401	0.0183644081097427	0.0312884520609089	0.0359906861191396	125.179122046643
h3k9me3.lo	0.0955900370021323	0.0370509778988546	0.00285323333654877	0.0292055121971065	0.0411748571181848	185.103834971288
blastn.lo	0.022193242775948	0.079396133565665	0.021894821500038	0.0518703039659003	0.0438193830575133	203.742710686141
rnacode.lo	0.101676638107649	0.0531944832847241	0.0193127287711737	0.0305339101765196	0.0511922621873319	323.37104316171
nonpolya.dn	0.0145175513627951	0.054114410361785	0.10438344818647	0.0564449979727016	0.0573982568810656	219.638290614704
nonpolya.up	0.0146912631854329	0.0540100565239385	0.106026659828944	0.0680718327458232	0.0606614431705106	217.349557719175
h3k36me3.lo	0.148809815392367	0.0364989086162681	0.027798382103764	0.0324169421666009	0.0613259789192189	172.853194406865
infernal.dn	0.0637560305787189	0.084705808847546	0.0683672269580123	0.0538367387836115	0.0676224197497583	218.677022851805
infernal.up	0.0655854266061187	0.0867818935609511	0.0768932802901222	0.0492226436973979	0.0696152338216685	225.144012170089
h3k27me3.lo	0.169494139915623	0.0588850365121583	0.00540814044710273	0.0568055036133844	0.0726164119020114	283.689147878148
smallrna.dn	0.0692376968515217	0.0617006532807132	0.153850840552734	0.0899469722658372	0.0936080740488373	355.688867223128
infernal.lo	0.105261680830671	0.070518932149416	0.143560553844374	0.111812975027071	0.107774205100419	368.740754423071
polya.dn	0.18655331296414	0.0440845211889089	0.0886294132926679	0.128047465433952	0.111729238779849	499.896385970479
smallrna.up	0.0596673443539155	0.0727628402039991	0.278221415939589	0.0881662159628457	0.124733335870035	394.693337285387
gc.lo	0.322031201692482	0.069312445463171	0.0215970247997473	0.107054310155975	0.129980663657469	485.086366967407
blastx.up	0.233955377765154	0.0815012694131685	0.330642832760609	0.0289504381049744	0.168758218264322	360.386263912987
polya.up	0.179176462806194	0.0653843818878738	0.190099680621047	0.243252039146172	0.169300824472416	624.578762029473
blastx.dn	0.285284273164123	0.102570518672325	0.258542139080843	0.0899555065368901	0.183952292147685	483.130759325448
total.up	0.130550526966673	0.175805388631015	0.348037540755596	0.0990130726528098	0.188285372778576	693.132093737724
total.dn	0.165832192372329	0.246184370448431	0.229223273630701	0.144867979067385	0.196405355775575	801.411402134345
nonpolya.lo	0.0230607923774587	0.0863420147182593	0.499599966783902	0.259400428225594	0.217055228528926	409.141609554668
total.lo	0.312755055393951	0.716574924355139	1.01002216735645	0.34228439416522	0.595305319309522	1340.72255835329
smallrna.lo	0.097811944109505	0.110338624681846	2.08678910444075	0.142523656044829	0.609511070982832	995.906264087865
blastx.lo	1.41627563363411	0.154514391953697	0.541755511053136	0.832152707370328	0.735772119647352	1940.41997378308
polya.lo	0.404488983699047	0.0882903912689981	2.14115314591612	0.566788093336889	0.800268709419897	1325.33943177703
